13
157
212
52
83
67
72
100
50
123
209
197
143
78
177
184
180
60
53
122
97
257
260
20
35
202
161
144
130
162
70
65
194
195
242
128
190
135
250
210
91
2
140
76
12
148
127
115
81
153
205
34
10
82
145
84
11
146
206
32
58
137
17
230
248
48
215
220
3
163
37
173
47
8
200
106
40
110
166
88
64
111
141
74
181
28
217
149
38
165
24
189
95
116
66
191
263
192
23
99
264
244
126
253
18
113
9
221
262
174
252
27
15
231
142
6
156
96
158
186
164
14
43
29
4
56
119
183
170
155
19
94
31
216
125
132
185
228
152
236
243
108
54
169
46
176
134
117
167
265
203
196
39
233
21
44
87
33
51
85
255
201
101
63
59
114
241
69
109
120
213
55
249
45
261
247
150
90
246
61
214
93
25
226
258
232
198
238
77
49
42
139
86
240
80
138
218
16
118
172
239
229
211
121
245
79
178
188
112
175
182
107
223
62
57
207
199
26
30
92
171
208
227
224
259
105
234
89
251
254
133
193
159
68
36
235
1
73
222
41
136
187
7
160
124
131
256
129
22
151
75
168
147
102
225
237
5
98
154
179
71
219
204