47
51
134
153
113
203
251
199
237
3
184
200
105
145
147
241
72
106
116
128
109
205
177
198
111
216
264
245
120
243
30
68
4
60
42
154
66
226
260
10
231
179
195
61
82
262
100
169
98
212
117
204
88
229
144
182
2
63
208
162
21
17
90
209
108
171
143
196
80
160
102
64
227
57
85
152
123
50
28
126
49
250
194
211
5
265
235
79
188
192
121
125
107
230
39
26
165
234
43
77
135
9
118
191
257
67
178
45
242
215
99
186
256
92
58
119
175
7
130
163
142
201
238
12
20
151
94
31
97
213
210
55
36
37
140
173
44
38
56
259
48
65
249
35
150
62
244
168
16
91
84
232
164
53
136
220
76
13
74
32
11
70
258
139
95
1
46
115
19
122
240
75
261
218
214
149
23
187
207
189
156
18
73
124
172
225
141
112
93
159
27
87
219
69
34
59
40
86
183
137
239
236
167
222
29
206
217
185
22
54
176
161
25
33
228
83
255
71
252
101
52
223
14
197
174
132
15
253
181
170
202
221
263
148
247
158
146
6
233
114
24
166
246
129
131
224
254
190
180
157
81
8
138
193
155
127
248
133
78
41
89
96